../../.git/annex/objects/jk/xk/SHA256E-s304462--63d308b3eb0b5cf340c1a0d46fb477eeffba63f60c8cf9b09c19ec487323e5d4.csv/SHA256E-s304462--63d308b3eb0b5cf340c1a0d46fb477eeffba63f60c8cf9b09c19ec487323e5d4.csv